[gd_scene load_steps=15 format=2]

[ext_resource path="res://scenes/MainMenu.tscn" type="PackedScene" id=1]
[ext_resource path="res://prefabs/character_barbarian.tscn" type="PackedScene" id=3]
[ext_resource path="res://prefabs/character_.tscn" type="PackedScene" id=4]
[ext_resource path="res://art/3d_object/pan.glb" type="PackedScene" id=5]
[ext_resource path="res://script/dice_box.gd" type="Script" id=6]
[ext_resource path="res://art/die-box.png" type="Texture" id=7]
[ext_resource path="res://prefabs/bg/bg.tscn" type="PackedScene" id=8]

[sub_resource type="SpatialMaterial" id=7]
albedo_texture = ExtResource( 7 )

[sub_resource type="CubeMesh" id=8]
material = SubResource( 7 )

[sub_resource type="BoxShape" id=9]

[sub_resource type="BoxShape" id=2]

[sub_resource type="BoxShape" id=10]
extents = Vector3( 4, 7, 1 )

[sub_resource type="ProceduralSky" id=11]
sky_top_color = Color( 0, 0.415686, 1, 1 )
sky_horizon_color = Color( 0.290196, 0.784314, 1, 1 )
ground_bottom_color = Color( 0.290196, 0.784314, 1, 1 )
ground_horizon_color = Color( 0.290196, 0.784314, 1, 1 )

[sub_resource type="Environment" id=12]
background_mode = 2
background_sky = SubResource( 11 )
ambient_light_color = Color( 1, 1, 1, 1 )
ambient_light_energy = 0.45
ambient_light_sky_contribution = 0.0

[node name="Level1" type="Spatial"]

[node name="Camera" type="Camera" parent="."]
transform = Transform( 1, 0, 0, 0, 0.923103, 0.384553, 0, -0.384553, 0.923103, 3.04069, 2.81863, 5.57762 )

[node name="Node2D" parent="." instance=ExtResource( 1 )]

[node name="DicePool" type="Spatial" parent="."]
transform = Transform( 1, 0, 0, 0, 1, 0, 0, 0, 1, 3, 1, -12 )

[node name="OmniLight" type="OmniLight" parent="."]
transform = Transform( 1, 0, 0, 0, 1, 0, 0, 0, 1, -5.999, 6.991, -6.047 )
light_color = Color( 0.992157, 1, 0.788235, 1 )
light_energy = 0.841
omni_range = 29.632
omni_attenuation = 0.210224

[node name="Spatial" type="Spatial" parent="."]
transform = Transform( 1, 0, 0, 0, 1, 0, 0, 0, 1, 0, -3, -11 )

[node name="DiceBox0" type="MeshInstance" parent="Spatial"]
transform = Transform( 1, 0, 0, 0, -4.37114e-08, 1, 0, -1, -4.37114e-08, 3, 0, 0 )
mesh = SubResource( 8 )
skeleton = NodePath("")
material/0 = null
script = ExtResource( 6 )

[node name="StaticBody" type="StaticBody" parent="Spatial/DiceBox0"]

[node name="CollisionShape" type="CollisionShape" parent="Spatial/DiceBox0/StaticBody"]
shape = SubResource( 9 )

[node name="StaticBody" type="StaticBody" parent="." groups=["floor"]]
transform = Transform( 20, 0, 0, 0, 1, 0, 0, 0, 20, 12, -4, -3 )

[node name="CollisionShape" type="CollisionShape" parent="StaticBody"]
shape = SubResource( 2 )

[node name="Player1" type="Spatial" parent="."]

[node name="KinematicBody1" parent="Player1" instance=ExtResource( 3 )]
transform = Transform( -0.918515, 0, 0.395385, 0, 1, 0, -0.395385, 0, -0.918515, 6.79185, -2.90256, -10.3594 )
collision_mask = 3

[node name="Player2" parent="." instance=ExtResource( 4 )]
transform = Transform( 1, 0, 0, 0, 1, 0, 0, 0, 1, 0, -3.35353, -8.31978 )

[node name="pan" parent="." instance=ExtResource( 5 )]
transform = Transform( -0.433013, 0, -0.25, 0, 1, 0, 0.25, 0, -0.433013, 3.04024, -3.7, -9 )

[node name="StaticBody2" type="StaticBody" parent="."]

[node name="CollisionShape" type="CollisionShape" parent="StaticBody2"]
transform = Transform( 1, 0, 0, 0, 1, 0, 0, 0, 1, 4, 0, -3 )
shape = SubResource( 10 )

[node name="CollisionShape2" type="CollisionShape" parent="StaticBody2"]
transform = Transform( 1, 0, 0, 0, 1, 0, 0, 0, 1, 4, 0, -16 )
shape = SubResource( 10 )

[node name="CollisionShape3" type="CollisionShape" parent="StaticBody2"]
transform = Transform( 0.707107, 0, 0.707107, 0, 1, 0, -0.707107, 0, 0.707107, -1, 0, -14 )
shape = SubResource( 10 )

[node name="CollisionShape4" type="CollisionShape" parent="StaticBody2"]
transform = Transform( -0.5, 0, 0.866025, 0, 1, 0, -0.866025, 0, -0.5, -3, 0, -6 )
shape = SubResource( 10 )

[node name="CollisionShape5" type="CollisionShape" parent="StaticBody2"]
transform = Transform( 0.5, 0, 0.866025, 0, 1, 0, -0.866025, 0, 0.5, 11, 0, -6 )
shape = SubResource( 10 )

[node name="CollisionShape6" type="CollisionShape" parent="StaticBody2"]
transform = Transform( 0.707107, 0, -0.707107, 0, 1, 0, 0.707107, 0, 0.707107, 10, 0, -14 )
shape = SubResource( 10 )

[node name="DirectionalLight" type="DirectionalLight" parent="."]
transform = Transform( 0.86972, -0.400734, -0.288095, 0.27184, -0.0982511, 0.957314, -0.411934, -0.910911, 0.0234845, 6.30316, 8.10388, 0 )
light_energy = 1.293
shadow_enabled = true
shadow_bias = -5.472

[node name="Spatial2" parent="." instance=ExtResource( 8 )]
transform = Transform( 1, 0, 0, 0, 1, 0, 0, 0, 1, -23.1272, -3.17915, -86.5174 )

[node name="WorldEnvironment" type="WorldEnvironment" parent="."]
environment = SubResource( 12 )
